0.0753
0.4173
0.4107
0.4567
0.504
0.544
0.5047
0.6087
0.646
0.6847
0.7087
0.7893
0.8353
0.8567
0.8793
0.898
0.9093
0.926
0.9393
0.948
0.9547
0.96
0.9653
0.9673
0.97
0.9727
0.974
0.976
0.976
0.9753
0.9753
0.978
0.98
0.98
0.9807
0.9827
0.9833
0.9833
0.9833
0.984
0.984
0.9853
0.986
0.9867
0.9867
0.9867
0.988
0.9887
0.9907
0.9913
0.9913
0.992
0.992
0.992
0.9927
0.9933
0.994
0.994
0.994
0.9947
0.9947
0.996
0.996
0.996
0.996
0.996
0.996
0.996
0.996
0.996
0.996
0.996
0.996
0.996
0.996
0.996
0.996
0.9967
0.9967
0.9967
0.9967
0.9973
0.9973
0.9973
0.9973
0.9973
0.998
0.9987
0.9987
0.9993
1.0
1.0
1.0
1.0
1.0
1.0
1.0
1.0
1.0
1.0
